-16  -3560.98
-15.4576  -3375.01
-14.9153  -77.6327
-14.3729  2527.61
-13.8305  2053.9
-13.2881  -399.381
-12.7458  -2032.73
-12.2034  -1445.8
-11.661  297.127
-11.1186  1260.18
-10.5763  724.354
-10.0339  -409.194
-9.49153  -902.011
-8.94915  -465.164
-8.40678  222.789
-7.86441  447.51
-7.32203  156.443
-6.77966  -199.974
-6.23729  -267.322
-5.69492  -92.8574
-5.15254  68.6987
-4.61017  80.7055
-4.0678  6.36436
-3.52542  -41.267
-2.98305  -32.654
-2.44068  -7.86405
-1.89831  1.72481
-1.35593  -0.00891791
-0.813559  -1.11419
-0.271186  -0.325039
0.271186  0.251497
0.813559  0.452308
1.35593  -1.82963
1.89831  -5.32837
2.44068  1.90714
2.98305  23.7554
3.52542  28.8384
4.0678  -22.9113
4.61017  -101.959
5.15254  -95.2474
5.69492  60.4253
6.23729  228.418
6.77966  154.01
7.32203  -210.055
7.86441  -509.359
8.40678  -293.463
8.94915  385.076
9.49153  811.922
10.0339  308.515
10.5763  -836.212
11.1186  -1383.8
11.661  -433.106
12.2034  1296.88
12.7458  1870.28
13.2881  222.806
13.8305  -2245.18
14.3729  -2734.19
14.9153  -144.832
15.4576  3136.08
16  3304.98
