
##### PRINTING SUDOKU ##### 
 7  9  3 | 0  1  0 | 0  4  6 
 0  5  2 | 0  0  0 | 7  3  0 
 0  0  0 | 3  8  7 | 0  9  2 
----------------------------
 6  2  0 | 4  0  0 | 0  7  3 
 0  0  1 | 0  0  3 | 0  2  5 
 4  3  5 | 2  7  0 | 9  0  0 
----------------------------
 0  0  0 | 6  9  8 | 3  0  0 
 5  0  6 | 0  0  0 | 2  1  0 
 3  4  9 | 0  0  5 | 0  0  7 

### PRINTING SOLVED SUDOKU ### 
 7  9  3 | 5  1  2 | 8  4  6 
 8  5  2 | 9  4  6 | 7  3  1 
 1  6  4 | 3  8  7 | 5  9  2 
----------------------------
 6  2  8 | 4  5  9 | 1  7  3 
 9  7  1 | 8  6  3 | 4  2  5 
 4  3  5 | 2  7  1 | 9  6  8 
----------------------------
 2  1  7 | 6  9  8 | 3  5  4 
 5  8  6 | 7  3  4 | 2  1  9 
 3  4  9 | 1  2  5 | 6  8  7 
